2 4 5 65 85 95 6 5 84 5 5425 44 55 45 45 4 2.1 2.1 2.2 12.1 2.2 52.2 85.5 95.2 65.2 748 7552 2.2 2.6
2 4 5 65 85 95 6 5 84 5 5425 44 55 45 45 4 2.1 2.1 2.2 12.1 2.2 52.2 85.5 95.2 65.2 748 7552 2.2 2.6
2 4 5 65 85 95 6 5 84 5 5425 44 55 45 45 4 2.1 2.1 2.2 12.1 2.2 52.2 85.5 95.2 65.2 748 7552 2.2 2.6
2 4 5 65 85 95 6 5 84 5 5425 44 55 45 45 4 2.1 2.1 2.2 12.1 2.2 52.2 85.5 95.2 65.2 748 7552 2.2 2.6
2 4 5 65 85 95 6 5 84 5 5425 44 55 45 45 4 2.1 2.1 2.2 12.1 2.2 52.2 85.5 95.2 65.2 748 7552 2.2 2.6
2 4 5 65 85 95 6 5 84 5 5425 44 55 45 45 4 2.1 2.1 2.2 12.1 2.2 52.2 85.5 95.2 65.2 748 7552 2.2 2.6
2 4 5 65 85 95 6 5 84 5 5425 44 55 45 45 4 2.1 2.1 2.2 12.1 2.2 52.2 85.5 95.2 65.2 748 7552 2.2 2.6
2 4 5 65 85 95 6 5 84 5 5425 44 55 45 45 4 2.1 2.1 2.2 12.1 2.2 52.2 85.5 95.2 65.2 748 7552 2.2 2.6
2 4 5 65 85 95 6 5 84 5 5425 44 55 45 45 4 2.1 2.1 2.2 12.1 2.2 52.2 85.5 95.2 65.2 748 7552 2.2 2.6
2 4 5 65 85 95 6 5 84 5 5425 44 55 45 45 4 2.1 2.1 2.2 12.1 2.2 52.2 85.5 95.2 65.2 748 7552 2.2 2.6
2 4 5 65 85 95 6 5 84 5 5425 44 55 45 45 4 2.1 2.1 2.2 12.1 2.2 52.2 85.5 95.2 65.2 748 7552 2.2 2.6
2 4 5 65 85 95 6 5 84 5 5425 44 55 45 45 4 2.1 2.1 2.2 12.1 2.2 52.2 85.5 95.2 65.2 748 7552 2.2 2.6
2 4 5 65 85 95 6 5 84 5 5425 44 55 45 45 4 2.1 2.1 2.2 12.1 2.2 52.2 85.5 95.2 65.2 748 7552 2.2 2.6
2 4 5 65 85 95 6 5 84 5 5425 44 55 45 45 4 2.1 2.1 2.2 12.1 2.2 52.2 85.5 95.2 65.2 748 7552 2.2 2.6
2 4 5 65 85 95 6 5 84 5 5425 44 55 45 45 4 2.1 2.1 2.2 12.1 2.2 52.2 85.5 95.2 65.2 748 7552 2.2 2.6
2 4 5 65 85 95 6 5 84 5 5425 44 55 45 
